(17.098,51.1139)
(17.098,51.1139)
(17.098,51.1139)
(17.098,51.1139)
(17.098,51.1139)
(17.098,51.1139)
(17.0911,51.1137)
(17.1039,51.1143)
(17.1039,51.1143)
(17.1039,51.1143)
(17.0911,51.1137)
(17.1039,51.1143)
(17.0911,51.1137)
(17.1039,51.1143)
(17.1039,51.1143)
(17.0911,51.1137)
(17.0911,51.1137)
(17.1039,51.1143)
(17.1039,51.1143)
(17.1039,51.1143)
(17.1039,51.1143)
(17.1039,51.1143)
(17.0911,51.1137)
(17.1039,51.1143)
(17.1039,51.1143)
(17.09,51.117)
(17.098,51.1139)
(17.098,51.1139)
(17.098,51.1139)
(17.09,51.117)
(17.098,51.1139)
(17.09,51.117)
(17.098,51.1139)
(17.098,51.1139)
(17.09,51.117)
(17.09,51.117)
(17.098,51.1139)
(17.098,51.1139)
(17.098,51.1139)
(17.098,51.1139)
(17.098,51.1139)
(17.09,51.117)
(17.098,51.1139)
(17.098,51.1139)
(17.0865,51.117)
(17.0911,51.1137)
(17.0911,51.1137)
(17.0911,51.1137)
(17.0865,51.117)
(17.0865,51.117)
(17.0911,51.1137)
(17.0865,51.117)
(17.0911,51.1137)
(17.0911,51.1137)
(17.0865,51.117)
(17.0865,51.117)
(17.0911,51.1137)
(17.0911,51.1137)
(17.0911,51.1137)
(17.0911,51.1137)
(17.0911,51.1137)
(17.0865,51.117)
(17.0911,51.1137)
(17.0911,51.1137)
(17.082,51.1169)
(17.09,51.117)
(17.09,51.117)
(17.09,51.117)
(17.082,51.1169)
(17.082,51.1169)
(17.09,51.117)
(17.082,51.1169)
(17.09,51.117)
(17.09,51.117)
(17.082,51.1169)
(17.082,51.1169)
(17.09,51.117)
(17.09,51.117)
(17.09,51.117)
(17.09,51.117)
(17.09,51.117)
(17.082,51.1169)
(17.09,51.117)
(17.09,51.117)
(17.0735,51.1151)
(17.0865,51.117)
(17.0865,51.117)
(17.0865,51.117)
(17.0735,51.1151)
(17.0735,51.1151)
(17.0865,51.117)
(17.0735,51.1151)
(17.0865,51.117)
(17.0865,51.117)
(17.0735,51.1151)
(17.0735,51.1151)
(17.0865,51.117)
(17.0865,51.117)
(17.0865,51.117)
(17.0865,51.117)
(17.0865,51.117)
(17.0735,51.1151)
(17.0865,51.117)
(17.0865,51.117)
(17.0675,51.1136)
(17.082,51.1169)
(17.082,51.1169)
(17.082,51.1169)
(17.0675,51.1136)
(17.0675,51.1136)
(17.082,51.1169)
(17.0668,51.1151)
(17.082,51.1169)
(17.082,51.1169)
(17.0668,51.1151)
(17.0668,51.1151)
(17.082,51.1169)
(17.082,51.1169)
(17.082,51.1169)
(17.082,51.1169)
(17.082,51.1169)
(17.0668,51.1151)
(17.082,51.1169)
(17.082,51.1169)
(17.06,51.1116)
(17.0735,51.1151)
(17.0735,51.1151)
(17.0735,51.1151)
(17.06,51.1116)
(17.06,51.1116)
(17.0554,51.1102)
(17.0675,51.1136)
(17.0675,51.1136)
(17.0675,51.1136)
(17.0554,51.1102)
(17.0554,51.1102)
(17.0664,51.1092)
(17.0554,51.1102)
(17.0664,51.1092)
(17.0609,51.1162)
(17.0554,51.1102)
(17.0609,51.1162)
(17.0664,51.1092)
(17.0664,51.1092)
(17.0664,51.1092)
(17.0609,51.1162)
(17.0609,51.1162)
(17.0569,51.1124)
(17.0664,51.1092)
(17.0664,51.1092)
(17.0569,51.1124)
(17.0609,51.1162)
(17.0609,51.1162)
(17.0569,51.1124)
(17.0664,51.1092)
(17.0664,51.1092)
(17.0569,51.1124)
(17.0664,51.1092)
(17.0664,51.1092)
(17.0569,51.1124)
(17.0496,51.1086)
(17.06,51.1116)
(17.06,51.1116)
(17.06,51.1116)
(17.0496,51.1086)
(17.0496,51.1086)
(17.06,51.1116)
(17.0496,51.1086)
(17.0496,51.1086)
(17.06,51.1116)
(17.06,51.1116)
(17.0397,51.1077)
(17.0554,51.1102)
(17.0554,51.1102)
(17.0554,51.1102)
(17.0397,51.1077)
(17.0397,51.1077)
(17.0554,51.1102)
(17.0397,51.1077)
(17.0483,51.1049)
(17.0397,51.1077)
(17.05,51.1133)
(17.0554,51.1102)
(17.0554,51.1102)
(17.0397,51.1077)
(17.05,51.1133)
(17.0397,51.1077)
(17.05,51.1133)
(17.0397,51.1077)
(17.05,51.1133)
(17.032,51.1074)
(17.0496,51.1086)
(17.0496,51.1086)
(17.0496,51.1086)
(17.0373,51.1037)
(17.0373,51.1037)
(17.0373,51.1037)
(17.039,51.1104)
(17.039,51.1104)
(17.0373,51.1037)
(17.039,51.1104)
(17.0496,51.1086)
(17.032,51.1074)
(17.0483,51.1049)
(17.0373,51.1037)
(17.0483,51.1049)
(17.0373,51.1037)
(17.0483,51.1049)
(17.032,51.1074)
(17.039,51.1104)
(17.032,51.1074)
(17.039,51.1104)
(17.039,51.1104)
(17.039,51.1104)
(17.032,51.1074)
(17.0496,51.1086)
(17.039,51.1104)
(17.0373,51.1037)
(17.0373,51.1037)
(17.039,51.1104)
(17.0373,51.1037)
(17.0373,51.1037)
(17.039,51.1104)
(17.039,51.1104)
(17.032,51.1074)
(17.0483,51.1049)
(17.032,51.1074)
(17.0373,51.1037)
(17.0483,51.1049)
(17.039,51.1104)
(17.0373,51.1037)
(17.039,51.1104)
(17.0373,51.1037)
(17.0496,51.1086)
(17.0373,51.1037)
(17.0496,51.1086)
(17.0373,51.1037)
(17.0496,51.1086)
(17.0369,51.1051)
(17.039,51.1104)
(17.039,51.1104)
(17.039,51.1104)
(17.027,51.111)
(17.0397,51.1077)
(17.027,51.111)
(17.027,51.111)
(17.027,51.111)
(17.027,51.111)
(17.0321,51.1055)
(17.0369,51.1051)
(17.0397,51.1077)
(17.0266,51.1079)
(17.0397,51.1077)
(17.027,51.111)
(17.0397,51.1077)
(17.027,51.111)
(17.0397,51.1077)
(17.0369,51.1051)
(17.0321,51.1055)
(17.027,51.111)
(17.027,51.111)
(17.0397,51.1077)
(17.027,51.111)
(17.027,51.111)
(17.0369,51.1051)
(17.027,51.111)
(17.0397,51.1077)
(17.027,51.111)
(17.027,51.111)
(17.027,51.111)
(17.0397,51.1077)
(17.0205,51.1121)
(17.032,51.1074)
(17.0205,51.1121)
(17.0205,51.1121)
(17.0205,51.1121)
(17.0205,51.1121)
(17.032,51.1074)
(17.032,51.1074)
(17.032,51.1074)
(17.0266,51.1079)
(17.031,51.1179)
(17.031,51.1179)
(17.0266,51.1079)
(17.0205,51.1121)
(17.032,51.1074)
(17.0205,51.1121)
(17.032,51.1074)
(17.032,51.1074)
(17.032,51.1074)
(17.0205,51.1121)
(17.0205,51.1121)
(17.0205,51.1121)
(17.032,51.1074)
(17.0205,51.1121)
(17.0205,51.1121)
(17.032,51.1074)
(17.031,51.1179)
(17.031,51.1179)
(17.031,51.1179)
(17.031,51.1179)
(17.0266,51.1079)
(17.0266,51.1079)
(17.0205,51.1121)
(17.0266,51.1079)
(17.0205,51.1121)
(17.0205,51.1121)
(17.0205,51.1121)
(17.0266,51.1079)
(17.0266,51.1079)
(17.0205,51.1121)
(17.032,51.1074)
(17.0205,51.1121)
(17.0205,51.1121)
(17.0205,51.1121)
(17.0205,51.1121)
(17.032,51.1074)
(17.0266,51.1079)
(17.0266,51.1079)
(17.0119,51.1129)
(17.027,51.111)
(17.0205,51.1121)
(17.0119,51.1129)
(17.0119,51.1129)
(17.0119,51.1129)
(17.0119,51.1129)
(17.0119,51.1129)
(17.027,51.111)
(17.027,51.111)
(17.0205,51.1121)
(17.0247,51.1162)
(17.0247,51.1162)
(17.0119,51.1129)
(17.027,51.111)
(17.0119,51.1129)
(17.027,51.111)
(17.0205,51.1121)
(17.0247,51.1162)
(17.027,51.111)
(17.027,51.111)
(17.0119,51.1129)
(17.0119,51.1129)
(17.0216,51.1074)
(17.0119,51.1129)
(17.0216,51.1074)
(17.0119,51.1129)
(17.027,51.111)
(17.0119,51.1129)
(17.0119,51.1129)
(17.027,51.111)
(17.0216,51.1074)
(17.0247,51.1162)
(17.0247,51.1162)
(17.0216,51.1074)
(17.0119,51.1129)
(17.0205,51.1121)
(17.0247,51.1162)
(17.0119,51.1129)
(17.027,51.111)
(17.0205,51.1121)
(17.0119,51.1129)
(17.0119,51.1129)
(17.0119,51.1129)
(17.0247,51.1162)
(17.0119,51.1129)
(17.027,51.111)
(17.0205,51.1121)
(17.0247,51.1162)
(17.0119,51.1129)
(17.0119,51.1129)
(17.0119,51.1129)
(17.0119,51.1129)
(17.027,51.111)
(17.0216,51.1074)
(17.007,51.1131)
(17.0205,51.1121)
(17.007,51.1131)
(17.007,51.1131)
(17.007,51.1131)
(17.007,51.1131)
(17.007,51.1131)
(17.0205,51.1121)
(17.0205,51.1121)
(17.0205,51.1121)
(17.007,51.1131)
(17.0205,51.1121)
(17.007,51.1131)
(17.0205,51.1121)
(17.0205,51.1121)
(17.0205,51.1121)
(17.0205,51.1121)
(17.007,51.1131)
(17.007,51.1131)
(17.0205,51.1121)
(17.007,51.1131)
(17.0205,51.1121)
(17.007,51.1131)
(17.0205,51.1121)
(17.007,51.1131)
(17.007,51.1131)
(17.0205,51.1121)
(17.0205,51.1121)
(17.007,51.1131)
(17.0205,51.1121)
(17.007,51.1131)
(17.0205,51.1121)
(17.007,51.1131)
(17.007,51.1131)
(17.007,51.1131)
(17.007,51.1131)
(17.0205,51.1121)
(17.0205,51.1121)
(17.007,51.1131)
(17.007,51.1131)
(17.007,51.1131)
(17.007,51.1131)
(17.0205,51.1121)
(17.0004,51.1166)
(17.0119,51.1129)
(17.0004,51.1166)
(17.0004,51.1166)
(17.0004,51.1166)
(17.0004,51.1166)
(17.0004,51.1166)
(17.0119,51.1129)
(17.0119,51.1129)
(17.0119,51.1129)
(17.0027,51.1144)
(17.0119,51.1129)
(17.0027,51.1144)
(17.0119,51.1129)
(17.0119,51.1129)
(17.0119,51.1129)
(17.0119,51.1129)
(17.0027,51.1144)
(17.0027,51.1144)
(17.0119,51.1129)
(17.0004,51.1166)
(17.0119,51.1129)
(17.0004,51.1166)
(17.0119,51.1129)
(17.0004,51.1166)
(17.0004,51.1166)
(17.0119,51.1129)
(17.0119,51.1129)
(17.0004,51.1166)
(17.0119,51.1129)
(17.0004,51.1166)
(17.0119,51.1129)
(17.0004,51.1166)
(17.0004,51.1166)
(17.0004,51.1166)
(17.0004,51.1166)
(17.0119,51.1129)
(17.0119,51.1129)
(17.0004,51.1166)
(17.0004,51.1166)
(17.0004,51.1166)
(17.0004,51.1166)
(17.0119,51.1129)
(16.9934,51.1215)
(17.007,51.1131)
(16.9934,51.1215)
(16.9934,51.1215)
(16.9934,51.1215)
(16.9934,51.1215)
(16.9934,51.1215)
(16.9934,51.1215)
(17.007,51.1131)
(17.007,51.1131)
(17.007,51.1131)
(17.0027,51.1144)
(17.007,51.1131)
(16.9934,51.1215)
(17.007,51.1131)
(16.9934,51.1215)
(17.007,51.1131)
(16.9934,51.1215)
(16.9934,51.1215)
(17.007,51.1131)
(17.007,51.1131)
(16.9934,51.1215)
(17.007,51.1131)
(16.9934,51.1215)
(17.007,51.1131)
(16.9934,51.1215)
(16.9934,51.1215)
(16.9934,51.1215)
(16.9934,51.1215)
(17.007,51.1131)
(17.007,51.1131)
(16.9934,51.1215)
(16.9934,51.1215)
(16.9934,51.1215)
(16.9934,51.1215)
(17.007,51.1131)
(16.9875,51.1239)
(17.0004,51.1166)
(16.9875,51.1239)
(16.9875,51.1239)
(16.9875,51.1239)
(16.9875,51.1239)
(16.9875,51.1239)
(16.9875,51.1239)
(17.0004,51.1166)
(17.0004,51.1166)
(17.0004,51.1166)
(17.0004,51.1166)
(17.0004,51.1166)
(16.9875,51.1239)
(17.0004,51.1166)
(16.9875,51.1239)
(17.0004,51.1166)
(16.9875,51.1239)
(16.9875,51.1239)
(17.0004,51.1166)
(17.0004,51.1166)
(16.9875,51.1239)
(17.0004,51.1166)
(16.9875,51.1239)
(17.0004,51.1166)
(16.9875,51.1239)
(16.9875,51.1239)
(16.9875,51.1239)
(16.9875,51.1239)
(17.0004,51.1166)
(17.0004,51.1166)
(16.9875,51.1239)
(16.9875,51.1239)
(16.9875,51.1239)
(16.9875,51.1239)
(17.0004,51.1166)
(16.9832,51.1255)
(16.9934,51.1215)
(16.9832,51.1255)
(16.9832,51.1255)
(16.9832,51.1255)
(16.9832,51.1255)
(16.9832,51.1255)
(16.9832,51.1255)
(16.9934,51.1215)
(16.9934,51.1215)
(16.9934,51.1215)
(16.9934,51.1215)
(16.9934,51.1215)
(16.9832,51.1255)
(16.9934,51.1215)
(16.9832,51.1255)
(16.9934,51.1215)
(16.9832,51.1255)
(16.9832,51.1255)
(16.9934,51.1215)
(16.9934,51.1215)
(16.9832,51.1255)
(16.9934,51.1215)
(16.9832,51.1255)
(16.9934,51.1215)
(16.9832,51.1255)
(16.9832,51.1255)
(16.9832,51.1255)
(16.9832,51.1255)
(16.9934,51.1215)
(16.9934,51.1215)
(16.9832,51.1255)
(16.9832,51.1255)
(16.9832,51.1255)
(16.9832,51.1255)
(16.9934,51.1215)
(16.9761,51.1281)
(16.9875,51.1239)
(16.9761,51.1281)
(16.9761,51.1281)
(16.9761,51.1281)
(16.9761,51.1281)
(16.9761,51.1281)
(16.9761,51.1281)
(16.9875,51.1239)
(16.9875,51.1239)
(16.9875,51.1239)
(16.9875,51.1239)
(16.9875,51.1239)
(16.9727,51.1329)
(16.9875,51.1239)
(16.9761,51.1281)
(16.9875,51.1239)
(16.9761,51.1281)
(16.9761,51.1281)
(16.9875,51.1239)
(16.9875,51.1239)
(16.9727,51.1329)
(16.9875,51.1239)
(16.9761,51.1281)
(16.9875,51.1239)
(16.9761,51.1281)
(16.9761,51.1281)
(16.9761,51.1281)
(16.9761,51.1281)
(16.9875,51.1239)
(16.9875,51.1239)
(16.9761,51.1281)
(16.9761,51.1281)
(16.9761,51.1281)
(16.9761,51.1281)
(16.9875,51.1239)
(16.9721,51.1293)
(16.9832,51.1255)
(16.9721,51.1293)
(16.9721,51.1293)
(16.9721,51.1293)
(16.9721,51.1293)
(16.9721,51.1293)
(16.9721,51.1293)
(16.9832,51.1255)
(16.9832,51.1255)
(16.9832,51.1255)
(16.9832,51.1255)
(16.9721,51.1293)
(16.9832,51.1255)
(16.9721,51.1293)
(16.9721,51.1293)
(16.9832,51.1255)
(16.9721,51.1293)
(16.9832,51.1255)
(16.9721,51.1293)
(16.9721,51.1293)
(16.9721,51.1293)
(16.9721,51.1293)
(16.9832,51.1255)
(16.9832,51.1255)
(16.9721,51.1293)
(16.9721,51.1293)
(16.9721,51.1293)
(16.9721,51.1293)
(16.9832,51.1255)
(16.9672,51.1307)
(16.9761,51.1281)
(16.9672,51.1307)
(16.9672,51.1307)
(16.9672,51.1307)
(16.9672,51.1307)
(16.9672,51.1307)
(16.9672,51.1307)
(16.9761,51.1281)
(16.9761,51.1281)
(16.9761,51.1281)
(16.9761,51.1281)
(16.9672,51.1307)
(16.9761,51.1281)
(16.9672,51.1307)
(16.9672,51.1307)
(16.9761,51.1281)
(16.9672,51.1307)
(16.9761,51.1281)
(16.9672,51.1307)
(16.9672,51.1307)
(16.9672,51.1307)
(16.9672,51.1307)
(16.9761,51.1281)
(16.9761,51.1281)
(16.9672,51.1307)
(16.9672,51.1307)
(16.9672,51.1307)
(16.9672,51.1307)
(16.9761,51.1281)
(16.9574,51.1328)
(16.9721,51.1293)
(16.9574,51.1328)
(16.9574,51.1328)
(16.9574,51.1328)
(16.9574,51.1328)
(16.9574,51.1328)
(16.9574,51.1328)
(16.9721,51.1293)
(16.9721,51.1293)
(16.9721,51.1293)
(16.9721,51.1293)
(16.9574,51.1328)
(16.9721,51.1293)
(16.9574,51.1328)
(16.9574,51.1328)
(16.9721,51.1293)
(16.9574,51.1328)
(16.9721,51.1293)
(16.9574,51.1328)
(16.9574,51.1328)
(16.9574,51.1328)
(16.9574,51.1328)
(16.9721,51.1293)
(16.9721,51.1293)
(16.9574,51.1328)
(16.9574,51.1328)
(16.9574,51.1328)
(16.9574,51.1328)
(16.9721,51.1293)
(16.9505,51.1361)
(16.9672,51.1307)
(16.9505,51.1361)
(16.9505,51.1361)
(16.9505,51.1361)
(16.9505,51.1361)
(16.9505,51.1361)
(16.9505,51.1361)
(16.9672,51.1307)
(16.9672,51.1307)
(16.9672,51.1307)
(16.9672,51.1307)
(16.9505,51.1361)
(16.9672,51.1307)
(16.9505,51.1361)
(16.9505,51.1361)
(16.9672,51.1307)
(16.9505,51.1361)
(16.9672,51.1307)
(16.9505,51.1361)
(16.9505,51.1361)
(16.9505,51.1361)
(16.9505,51.1361)
(16.9672,51.1307)
(16.9672,51.1307)
(16.9505,51.1361)
(16.9505,51.1361)
(16.9505,51.1361)
(16.9505,51.1361)
(16.9672,51.1307)
(16.9574,51.1328)
(16.9574,51.1328)
(16.9574,51.1328)
(16.9574,51.1328)
(16.9574,51.1328)
(16.9403,51.1374)
(16.9574,51.1328)
(16.9403,51.1374)
(16.9403,51.1374)
(16.9574,51.1328)
(16.9403,51.1374)
(16.9574,51.1328)
(16.9403,51.1374)
(16.9403,51.1374)
(16.9403,51.1374)
(16.9403,51.1374)
(16.9574,51.1328)
(16.9574,51.1328)
(16.9403,51.1374)
(16.9403,51.1374)
(16.9403,51.1374)
(16.9403,51.1374)
(16.9574,51.1328)
(17.0247,51.1162)
(17.031,51.1179)
(17.031,51.1179)
(17.031,51.1179)
(17.031,51.1179)
(17.0205,51.1121)
(17.0249,51.1176)
(17.031,51.1179)
(17.0249,51.1176)
(17.0205,51.1121)
(17.031,51.1179)
(17.031,51.1179)
(17.0249,51.1176)
(17.0205,51.1121)
(17.031,51.1179)
(17.0249,51.1176)
(17.0205,51.1121)
(17.0082,51.0801)
(17.0082,51.0801)
(17.0082,51.0801)
(17.0082,51.0801)
(17.0082,51.0801)
(17.0082,51.0801)
(17.0082,51.0801)
(17.0082,51.0801)
(17.0082,51.0801)
(17.0082,51.0801)
(17.0082,51.0801)
(17.0082,51.0801)
(17.0082,51.0801)
(17.0082,51.0801)
(17.0082,51.0801)
(17.0072,51.0749)
(17.0082,51.0801)
(17.0082,51.0801)
(17.0072,51.0749)
(17.0072,51.0749)
(17.0082,51.0801)
(17.0103,51.0837)
(17.0103,51.0837)
(17.0103,51.0837)
(17.006,51.0785)
(17.006,51.0785)
(17.0103,51.0837)
(17.006,51.0785)
(17.0103,51.0837)
(17.006,51.0785)
(17.0103,51.0837)
(17.006,51.0785)
(17.0103,51.0837)
(17.006,51.0785)
(17.0103,51.0837)
(17.0103,51.0837)
(17.006,51.0785)
(17.0103,51.0837)
(17.0103,51.0837)
(17.006,51.0785)
(17.006,51.0785)
(17.0103,51.0837)
(17.0103,51.0837)
(17.0103,51.0837)
(17.006,51.0785)
(17.006,51.0785)
(17.0103,51.0837)
(17.0103,51.0837)
(17.006,51.0785)
(17.0103,51.0837)
(17.006,51.0785)
(17.0103,51.0837)
(17.0072,51.0749)
(17.0072,51.0749)
(17.0103,51.0837)
(17.0103,51.0837)
(17.0072,51.0749)
(17.0103,51.0837)
(17.0072,51.0749)
(17.0103,51.0837)
(17.0072,51.0749)
(17.0072,51.0749)
(17.0072,51.0749)
(17.0103,51.0837)
(17.0072,51.0749)
(17.0072,51.0749)
(17.0103,51.0837)
(17.0103,51.0837)
(17.0117,51.086)
(17.0117,51.086)
(17.0117,51.086)
(17.0082,51.0801)
(17.0082,51.0801)
(17.0117,51.086)
(17.0082,51.0801)
(17.0117,51.086)
(17.0082,51.0801)
(17.0117,51.086)
(17.0082,51.0801)
(17.0117,51.086)
(17.0082,51.0801)
(17.0117,51.086)
(17.0117,51.086)
(17.0082,51.0801)
(17.0117,51.086)
(17.0117,51.086)
(17.0082,51.0801)
(17.0082,51.0801)
(17.0117,51.086)
(17.0117,51.086)
(17.0117,51.086)
(17.0082,51.0801)
(17.0082,51.0801)
(17.0117,51.086)
(17.0117,51.086)
(17.0082,51.0801)
(17.0117,51.086)
(17.0082,51.0801)
(17.0117,51.086)
(17.0082,51.0801)
(17.0082,51.0801)
(17.0117,51.086)
(17.0117,51.086)
(17.0082,51.0801)
(17.0117,51.086)
(17.0082,51.0801)
(17.0117,51.086)
(17.0082,51.0801)
(17.0082,51.0801)
(17.0082,51.0801)
(17.0117,51.086)
(17.0082,51.0801)
(17.0082,51.0801)
(17.0117,51.086)
(17.0117,51.086)
(17.0142,51.0882)
(17.0142,51.0882)
(17.0142,51.0882)
(17.0103,51.0837)
(17.0103,51.0837)
(17.0067,51.088)
(17.0103,51.0837)
(17.0067,51.088)
(17.0103,51.0837)
(17.0142,51.0882)
(17.0103,51.0837)
(17.0142,51.0882)
(17.0103,51.0837)
(17.0142,51.0882)
(17.0142,51.0882)
(17.0142,51.0882)
(17.0142,51.0882)
(17.0142,51.0882)
(17.0142,51.0882)
(17.0103,51.0837)
(17.0067,51.088)
(17.0067,51.088)
(17.0103,51.0837)
(17.0103,51.0837)
(17.0067,51.088)
(17.0142,51.0882)
(17.0067,51.088)
(17.0067,51.088)
(17.0067,51.088)
(17.0103,51.0837)
(17.0103,51.0837)
(17.0142,51.0882)
(17.0142,51.0882)
(17.0103,51.0837)
(17.0142,51.0882)
(17.0067,51.088)
(17.0142,51.0882)
(17.0142,51.0882)
(17.0142,51.0882)
(17.0103,51.0837)
(17.0142,51.0882)
(17.0103,51.0837)
(17.0103,51.0837)
(17.0142,51.0882)
(17.0142,51.0882)
(17.0103,51.0837)
(17.0142,51.0882)
(17.0103,51.0837)
(17.0142,51.0882)
(17.0103,51.0837)
(17.0103,51.0837)
(17.0103,51.0837)
(17.0142,51.0882)
(17.0103,51.0837)
(17.0103,51.0837)
(17.0142,51.0882)
(17.0142,51.0882)
(17.0171,51.0907)
(17.0171,51.0907)
(17.0171,51.0907)
(17.0117,51.086)
(17.0117,51.086)
(17.0171,51.0907)
(17.0117,51.086)
(17.0171,51.0907)
(17.0117,51.086)
(17.0171,51.0907)
(17.0171,51.0907)
(17.0171,51.0907)
(17.0171,51.0907)
(17.0171,51.0907)
(17.0171,51.0907)
(17.0117,51.086)
(17.0171,51.0907)
(17.0117,51.086)
(17.0117,51.086)
(17.0171,51.0907)
(17.0171,51.0907)
(17.0117,51.086)
(17.0171,51.0907)
(17.0117,51.086)
(17.0171,51.0907)
(17.0171,51.0907)
(17.0171,51.0907)
(17.0171,51.0907)
(17.0117,51.086)
(17.0117,51.086)
(17.0171,51.0907)
(17.0171,51.0907)
(17.0117,51.086)
(17.0171,51.0907)
(17.0117,51.086)
(17.0171,51.0907)
(17.0117,51.086)
(17.0117,51.086)
(17.0117,51.086)
(17.0171,51.0907)
(17.0117,51.086)
(17.0117,51.086)
(17.0171,51.0907)
(17.0171,51.0907)
(17.0206,51.0937)
(17.0206,51.0937)
(17.0206,51.0937)
(17.0142,51.0882)
(17.0142,51.0882)
(17.0206,51.0937)
(17.0142,51.0882)
(17.0206,51.0937)
(17.0142,51.0882)
(17.0206,51.0937)
(17.0206,51.0937)
(17.0206,51.0937)
(17.0206,51.0937)
(17.0206,51.0937)
(17.0206,51.0937)
(17.0142,51.0882)
(17.0206,51.0937)
(17.0142,51.0882)
(17.0142,51.0882)
(17.0206,51.0937)
(17.0206,51.0937)
(17.0142,51.0882)
(17.0206,51.0937)
(17.0142,51.0882)
(17.0206,51.0937)
(17.0206,51.0937)
(17.0206,51.0937)
(17.0206,51.0937)
(17.0142,51.0882)
(17.0142,51.0882)
(17.0206,51.0937)
(17.0206,51.0937)
(17.0142,51.0882)
(17.0206,51.0937)
(17.0142,51.0882)
(17.0206,51.0937)
(17.0142,51.0882)
(17.0142,51.0882)
(17.0142,51.0882)
(17.0206,51.0937)
(17.0142,51.0882)
(17.0142,51.0882)
(17.0206,51.0937)
(17.0206,51.0937)
(17.0252,51.0975)
(17.0252,51.0975)
(17.0252,51.0975)
(17.0171,51.0907)
(17.0171,51.0907)
(17.0252,51.0975)
(17.0171,51.0907)
(17.0252,51.0975)
(17.0171,51.0907)
(17.0252,51.0975)
(17.0252,51.0975)
(17.0252,51.0975)
(17.0252,51.0975)
(17.0252,51.0975)
(17.0252,51.0975)
(17.0171,51.0907)
(17.0252,51.0975)
(17.0171,51.0907)
(17.0171,51.0907)
(17.0252,51.0975)
(17.0252,51.0975)
(17.0171,51.0907)
(17.0252,51.0975)
(17.0171,51.0907)
(17.0252,51.0975)
(17.0252,51.0975)
(17.0252,51.0975)
(17.0252,51.0975)
(17.0171,51.0907)
(17.0171,51.0907)
(17.0252,51.0975)
(17.0252,51.0975)
(17.0171,51.0907)
(17.0252,51.0975)
(17.0171,51.0907)
(17.0252,51.0975)
(17.0171,51.0907)
(17.0171,51.0907)
(17.0171,51.0907)
(17.0252,51.0975)
(17.0171,51.0907)
(17.0171,51.0907)
(17.0252,51.0975)
(17.0252,51.0975)
(17.029,51.1009)
(17.029,51.1009)
(17.029,51.1009)
(17.0206,51.0937)
(17.0206,51.0937)
(17.029,51.1009)
(17.0206,51.0937)
(17.029,51.1009)
(17.0206,51.0937)
(17.029,51.1009)
(17.029,51.1009)
(17.029,51.1009)
(17.029,51.1009)
(17.029,51.1009)
(17.029,51.1009)
(17.0206,51.0937)
(17.029,51.1009)
(17.0206,51.0937)
(17.0206,51.0937)
(17.029,51.1009)
(17.029,51.1009)
(17.0206,51.0937)
(17.029,51.1009)
(17.0206,51.0937)
(17.029,51.1009)
(17.029,51.1009)
(17.029,51.1009)
(17.029,51.1009)
(17.0206,51.0937)
(17.0206,51.0937)
(17.029,51.1009)
(17.029,51.1009)
(17.0206,51.0937)
(17.029,51.1009)
(17.0206,51.0937)
(17.029,51.1009)
(17.0206,51.0937)
(17.0206,51.0937)
(17.0206,51.0937)
(17.029,51.1009)
(17.0206,51.0937)
(17.0206,51.0937)
(17.029,51.1009)
(17.029,51.1009)
(17.0353,51.1)
(17.0306,51.1037)
(17.0306,51.1037)
(17.0252,51.0975)
(17.0252,51.0975)
(17.0216,51.1044)
(17.0328,51.0975)
(17.0353,51.1)
(17.0216,51.1044)
(17.0328,51.0975)
(17.0216,51.1044)
(17.0216,51.1044)
(17.0328,51.0975)
(17.0216,51.1044)
(17.0216,51.1044)
(17.0328,51.0975)
(17.0306,51.1037)
(17.0252,51.0975)
(17.0306,51.1037)
(17.0328,51.0975)
(17.0216,51.1044)
(17.0252,51.0975)
(17.0328,51.0975)
(17.0306,51.1037)
(17.0306,51.1037)
(17.0306,51.1037)
(17.0306,51.1037)
(17.0306,51.1037)
(17.0353,51.1)
(17.0216,51.1044)
(17.0216,51.1044)
(17.0353,51.1)
(17.0216,51.1044)
(17.0252,51.0975)
(17.0353,51.1)
(17.0353,51.1)
(17.0252,51.0975)
(17.0252,51.0975)
(17.0328,51.0975)
(17.0216,51.1044)
(17.0328,51.0975)
(17.0328,51.0975)
(17.0252,51.0975)
(17.0306,51.1037)
(17.0252,51.0975)
(17.0306,51.1037)
(17.0306,51.1037)
(17.0306,51.1037)
(17.0328,51.0975)
(17.0306,51.1037)
(17.0252,51.0975)
(17.0252,51.0975)
(17.0306,51.1037)
(17.0353,51.1)
(17.0353,51.1)
(17.0252,51.0975)
(17.0353,51.1)
(17.0252,51.0975)
(17.0353,51.1)
(17.0252,51.0975)
(17.0252,51.0975)
(17.0252,51.0975)
(17.0306,51.1037)
(17.0252,51.0975)
(17.0252,51.0975)
(17.0306,51.1037)
(17.0306,51.1037)
(17.0306,51.1037)
(17.0373,51.1037)
(17.0373,51.1037)
(17.0373,51.1037)
(17.0373,51.1037)
(17.029,51.1009)
(17.0353,51.1)
(17.0328,51.0975)
(17.0353,51.1)
(17.0328,51.0975)
(17.0353,51.1)
(17.0328,51.0975)
(17.0373,51.1037)
(17.0373,51.1037)
(17.0353,51.1)
(17.0328,51.0975)
(17.0373,51.1037)
(17.0373,51.1037)
(17.029,51.1009)
(17.0353,51.1)
(17.0328,51.0975)
(17.0373,51.1037)
(17.029,51.1009)
(17.0373,51.1037)
(17.0353,51.1)
(17.0328,51.0975)
(17.0373,51.1037)
(17.0353,51.1)
(17.0328,51.0975)
(17.0373,51.1037)
(17.029,51.1009)
(17.029,51.1009)
(17.0373,51.1037)
(17.029,51.1009)
(17.029,51.1009)
(17.0373,51.1037)
(17.0373,51.1037)
(17.0373,51.1037)
(17.043,51.0983)
(17.0353,51.1)
(17.0328,51.0975)
(17.0353,51.1)
(17.0328,51.0975)
(17.043,51.0983)
(17.043,51.0983)
(17.0373,51.1037)
(17.0353,51.1)
(17.0328,51.0975)
(17.0373,51.1037)
(17.029,51.1009)
(17.0373,51.1037)
(17.029,51.1009)
(17.0373,51.1037)
(17.029,51.1009)
(17.0373,51.1037)
(17.0397,51.1077)
(17.0397,51.1077)
(17.0369,51.1051)
(17.0369,51.1051)
(17.0353,51.1)
(17.0353,51.1)
(17.0353,51.1)
(17.0353,51.1)
(17.0397,51.1077)
(17.0397,51.1077)
(17.0353,51.1)
(17.0397,51.1077)
(17.0397,51.1077)
(17.0353,51.1)
(17.0353,51.1)
(17.0397,51.1077)
(17.0397,51.1077)
(17.0353,51.1)
(17.0369,51.1051)
(17.0353,51.1)
(17.0397,51.1077)
(17.0353,51.1)
(17.0353,51.1)
(17.0397,51.1077)
(17.0353,51.1)
(17.0353,51.1)
(17.0397,51.1077)
(17.0397,51.1077)
(17.0369,51.1051)
(17.0353,51.1)
(17.0397,51.1077)
(17.0353,51.1)
(17.0397,51.1077)
(17.0353,51.1)
(17.0397,51.1077)
(17.0353,51.1)
(17.0397,51.1077)
(17.0353,51.1)
(17.0397,51.1077)
(17.0304,51.0934)
(17.0304,51.0934)
(17.0304,51.0934)
(17.0304,51.0934)
(17.0304,51.0934)
(17.0304,51.0934)
(17.0253,51.0844)
(17.0304,51.0934)
(17.0304,51.0934)
(17.0253,51.0844)
(17.0304,51.0934)
(17.0304,51.0934)
(17.0304,51.0934)
(17.0304,51.0934)
(17.0304,51.0934)
(17.0304,51.0934)
(17.0253,51.0844)
(17.0304,51.0934)
(17.0304,51.0934)
(17.0304,51.0934)
(17.0304,51.0934)
(17.0328,51.0975)
(17.0328,51.0975)
(17.0292,51.0894)
(17.0292,51.0894)
(17.0338,51.0941)
(17.0292,51.0894)
(17.0328,51.0975)
(17.0292,51.0894)
(17.0292,51.0894)
(17.0292,51.0894)
(17.0328,51.0975)
(17.0328,51.0975)
(17.0292,51.0894)
(17.0328,51.0975)
(17.0328,51.0975)
(17.0292,51.0894)
(17.0328,51.0975)
(17.0292,51.0894)
(17.0328,51.0975)
(17.0292,51.0894)
(17.0328,51.0975)
(17.0292,51.0894)
(17.0328,51.0975)
(17.0328,51.0975)
(17.0292,51.0894)
(17.0292,51.0894)
(17.0328,51.0975)
(17.0292,51.0894)
(17.0328,51.0975)
(17.0328,51.0975)
(17.0328,51.0975)
(17.0328,51.0975)
(17.0353,51.1)
(17.0353,51.1)
(17.0353,51.1)
(17.0304,51.0934)
(17.0304,51.0934)
(17.0338,51.0941)
(17.0353,51.1)
(17.0353,51.1)
(17.0338,51.0941)
(17.0353,51.1)
(17.0339,51.0999)
(17.0304,51.0934)
(17.0304,51.0934)
(17.0304,51.0934)
(17.0339,51.0999)
(17.0353,51.1)
(17.0304,51.0934)
(17.0339,51.0999)
(17.0339,51.0999)
(17.0304,51.0934)
(17.0353,51.1)
(17.0304,51.0934)
(17.0338,51.0941)
(17.0339,51.0999)
(17.0338,51.0941)
(17.0353,51.1)
(17.0304,51.0934)
(17.0338,51.0941)
(17.0339,51.0999)
(17.0338,51.0941)
(17.0338,51.0941)
(17.0339,51.0999)
(17.0339,51.0999)
(17.0304,51.0934)
(17.0353,51.1)
(17.0353,51.1)
(17.0304,51.0934)
(17.0304,51.0934)
(17.0353,51.1)
(17.0304,51.0934)
(17.0353,51.1)
(17.0339,51.0999)
(17.0353,51.1)
(17.0339,51.0999)
(17.0321,51.1055)
(17.0321,51.1055)
(17.0321,51.1055)
(17.0321,51.1055)
(17.0321,51.1055)
(17.0266,51.1079)
(17.0266,51.1079)
(17.0266,51.1079)
(17.0266,51.1079)
(17.029,51.1009)
(17.029,51.1009)
(17.0266,51.1079)
(17.029,51.1009)
(17.0266,51.1079)
(17.0266,51.1079)
(17.0266,51.1079)
(17.0321,51.1055)
(17.029,51.1009)
(17.029,51.1009)
(17.0321,51.1055)
(17.029,51.1009)
(17.0321,51.1055)
(17.029,51.1009)
(17.0321,51.1055)
(17.0321,51.1055)
(17.0321,51.1055)
(17.0334,51.1068)
(17.0334,51.1068)
(17.029,51.1009)
(17.0369,51.1051)
(17.029,51.1009)
(17.0334,51.1068)
(17.0334,51.1068)
(17.0334,51.1068)
(17.0334,51.1068)
(17.0334,51.1068)
(17.029,51.1009)
(17.0369,51.1051)
(17.0369,51.1051)
(17.0369,51.1051)
(17.032,51.1074)
(17.032,51.1074)
(17.032,51.1074)
(17.032,51.1074)
(17.032,51.1074)
(17.032,51.1074)
(17.032,51.1074)
(17.034,51.1086)
(17.032,51.1074)
(17.032,51.1074)
(17.034,51.1086)
(16.9947,51.0667)
(16.9947,51.0667)
(16.9947,51.0667)
(16.9947,51.0667)
(16.9996,51.0676)
(16.9874,51.0657)
(16.9874,51.0657)
(16.9996,51.0676)
(16.9874,51.0657)
(16.9996,51.0676)
(16.9874,51.0657)
(16.9874,51.0657)
(16.9874,51.0657)
(16.9996,51.0676)
(17.0035,51.0685)
(16.9947,51.0667)
(16.9947,51.0667)
(17.0035,51.0685)
(16.9947,51.0667)
(17.0035,51.0685)
(16.9947,51.0667)
(16.9947,51.0667)
(16.9947,51.0667)
(17.0035,51.0685)
(17.006,51.0717)
(16.9996,51.0676)
(16.9996,51.0676)
(17.006,51.0717)
(16.9996,51.0676)
(17.006,51.0717)
(16.9996,51.0676)
(16.9996,51.0676)
(16.9996,51.0676)
(17.006,51.0717)
(17.0072,51.0749)
(17.0035,51.0685)
(17.0035,51.0685)
(17.0072,51.0749)
(17.0035,51.0685)
(17.0072,51.0749)
(17.0035,51.0685)
(17.0035,51.0685)
(17.0035,51.0685)
(17.0072,51.0749)
(17.0082,51.0801)
(17.0082,51.0801)
(17.0082,51.0801)
(17.006,51.0717)
(17.0082,51.0801)
(17.006,51.0717)
(17.0082,51.0801)
(17.006,51.0717)
(17.0082,51.0801)
(17.006,51.0717)
(17.006,51.0717)
(17.006,51.0717)
(17.0082,51.0801)
(17.0003,51.112)
(17.0003,51.112)
(17.0003,51.112)
(17.0003,51.112)
(17.0003,51.112)
(17.0003,51.112)
(17.0027,51.1144)
(16.9934,51.1125)
(17.0027,51.1144)
(16.9934,51.1125)
(17.0027,51.1144)
(17.0027,51.1144)
(16.9934,51.1125)
(17.0027,51.1144)
(17.0027,51.1144)
(16.9934,51.1125)
(16.9934,51.1125)
(17.0004,51.1166)
(17.0003,51.112)
(17.007,51.1131)
(17.0003,51.112)
(17.007,51.1131)
(17.007,51.1131)
(17.0003,51.112)
(17.007,51.1131)
(17.007,51.1131)
(17.0003,51.112)
(17.0003,51.112)
(17.0334,51.1068)
(17.0334,51.1068)
(17.0373,51.1037)
(17.0397,51.1077)
(17.0373,51.1037)
(17.0334,51.1068)
(17.0373,51.1037)
(17.0334,51.1068)
(17.0321,51.1055)
(17.0397,51.1077)
(17.0397,51.1077)
(17.0397,51.1077)
(17.0462,51.077)
(17.0462,51.077)
(17.0462,51.077)
(17.0462,51.077)
(17.0462,51.077)
(17.0517,51.0773)
(17.0517,51.0773)
(17.04,51.0772)
(17.0517,51.0773)
(17.04,51.0772)
(17.04,51.0772)
(17.0517,51.0773)
(17.04,51.0772)
(17.04,51.0772)
(17.04,51.0772)
(17.0517,51.0773)
(17.0507,51.0795)
(17.0507,51.0795)
(17.0462,51.077)
(17.0507,51.0795)
(17.0462,51.077)
(17.0462,51.077)
(17.0507,51.0795)
(17.0462,51.077)
(17.0462,51.077)
(17.0462,51.077)
(17.0507,51.0795)
(17.0493,51.0835)
(17.0493,51.0835)
(17.0517,51.0773)
(17.0493,51.0835)
(17.0517,51.0773)
(17.0517,51.0773)
(17.0493,51.0835)
(17.0517,51.0773)
(17.0517,51.0773)
(17.0517,51.0773)
(17.0493,51.0835)
(17.0468,51.0863)
(17.0547,51.083)
(17.0468,51.0863)
(17.0547,51.083)
(17.0468,51.0863)
(17.0547,51.083)
(17.0547,51.083)
(17.0468,51.0863)
(17.0468,51.0863)
(17.0507,51.0795)
(17.0468,51.0863)
(17.0507,51.0795)
(17.0507,51.0795)
(17.0468,51.0863)
(17.0507,51.0795)
(17.0507,51.0795)
(17.0507,51.0795)
(17.0468,51.0863)
(17.0448,51.09)
(17.0493,51.0835)
(17.0448,51.09)
(17.0448,51.09)
(17.0493,51.0835)
(17.0493,51.0835)
(17.0448,51.09)
(17.0448,51.09)
(17.0493,51.0835)
(17.0448,51.09)
(17.0493,51.0835)
(17.0493,51.0835)
(17.0448,51.09)
(17.0493,51.0835)
(17.0493,51.0835)
(17.0448,51.09)
(17.0399,51.0919)
(17.0468,51.0863)
(17.0399,51.0919)
(17.0399,51.0919)
(17.0468,51.0863)
(17.0468,51.0863)
(17.0399,51.0919)
(17.0399,51.0919)
(17.0468,51.0863)
(17.0399,51.0919)
(17.0468,51.0863)
(17.0468,51.0863)
(17.0399,51.0919)
(17.0468,51.0863)
(17.0468,51.0863)
(17.0399,51.0919)
(17.0338,51.0941)
(17.0448,51.09)
(17.0338,51.0941)
(17.0338,51.0941)
(17.0448,51.09)
(17.0448,51.09)
(17.0338,51.0941)
(17.0338,51.0941)
(17.0448,51.09)
(17.0338,51.0941)
(17.0448,51.09)
(17.0448,51.09)
(17.0338,51.0941)
(17.0448,51.09)
(17.0448,51.09)
(17.0338,51.0941)
(17.0328,51.0975)
(17.0399,51.0919)
(17.0328,51.0975)
(17.0328,51.0975)
(17.0399,51.0919)
(17.0399,51.0919)
(17.0304,51.0934)
(17.0328,51.0975)
(17.0399,51.0919)
(17.0328,51.0975)
(17.0399,51.0919)
(17.0399,51.0919)
(17.0328,51.0975)
(17.0399,51.0919)
(17.0399,51.0919)
(17.0328,51.0975)
(17.0365,51.1286)
(17.0365,51.1286)
(17.0365,51.1286)
(17.0348,51.1248)
(17.0371,51.1343)
(17.0371,51.1343)
(17.0365,51.1354)
(17.0348,51.1248)
(17.0371,51.1343)
(17.0348,51.1248)
(17.0348,51.1248)
(17.0348,51.1248)
(17.0365,51.1354)
(17.0348,51.1248)
(17.0348,51.1248)
(17.0365,51.1354)
(17.0348,51.1248)
(17.0365,51.1354)
(17.0365,51.1354)
(17.0365,51.1354)
(17.0348,51.1248)
(17.0348,51.1248)
(17.0413,51.1236)
(17.0348,51.1248)
(17.0365,51.1286)
(17.0365,51.1286)
(17.0348,51.1248)
(17.0365,51.1286)
(17.0348,51.1248)
(17.0413,51.1236)
(17.0348,51.1248)
(17.0365,51.1286)
(17.0348,51.1248)
(17.0413,51.1236)
(17.031,51.1225)
(17.0348,51.1248)
(17.0413,51.1236)
(17.0348,51.1248)
(17.0348,51.1248)
(17.0348,51.1248)
(17.0348,51.1248)
(17.0413,51.1236)
(17.0413,51.1236)
(17.031,51.1225)
(17.031,51.1225)
(17.031,51.1225)
(17.0413,51.1236)
(17.0348,51.1248)
(17.0348,51.1248)
(17.031,51.1225)
(17.0348,51.1248)
(17.0365,51.1286)
(17.0348,51.1248)
(17.0413,51.1236)
(17.0348,51.1248)
(17.0413,51.1236)
(17.0348,51.1248)
(17.0413,51.1236)
(17.0348,51.1248)
(17.0413,51.1236)
(17.0365,51.1286)
(17.031,51.1225)
(17.0348,51.1248)
(17.0413,51.1236)
(17.0413,51.1236)
(17.031,51.1225)
(17.0413,51.1236)
(17.0413,51.1236)
(17.031,51.1225)
(17.0413,51.1236)
(17.035,51.121)
(17.0413,51.1236)
(17.0348,51.1248)
(17.0413,51.1236)
(17.031,51.1225)
(17.031,51.1225)
(17.031,51.1225)
(17.0348,51.1248)
(17.0413,51.1236)
(17.031,51.1225)
(17.031,51.1225)
(17.035,51.121)
(17.0365,51.1286)
(17.0348,51.1248)
(17.0365,51.1286)
(17.035,51.121)
(17.0348,51.1248)
(17.0365,51.1286)
(17.0348,51.1248)
(17.0413,51.1236)
(17.031,51.1225)
(17.0442,51.1239)
(17.0348,51.1248)
(17.0348,51.1248)
(17.0442,51.1239)
(17.0348,51.1248)
(17.0412,51.1244)
(17.0412,51.1244)
(17.0412,51.1244)
(17.0442,51.1239)
(17.0412,51.1244)
(17.0412,51.1244)
(17.0348,51.1248)
(17.0412,51.1244)
(17.0348,51.1248)
(17.0442,51.1239)
(17.0442,51.1239)
(17.0442,51.1239)
(17.0412,51.1244)
(17.0412,51.1244)
(17.0412,51.1244)
(17.0442,51.1239)
(17.0412,51.1244)
(17.0412,51.1244)
(17.0412,51.1244)
(17.0442,51.1239)
(17.0412,51.1244)
(17.0412,51.1244)
(17.0412,51.1244)
(17.0442,51.1239)
(17.0442,51.1239)
(17.0348,51.1248)
(17.0348,51.1248)
(17.0348,51.1248)
(17.0412,51.1244)
(17.0412,51.1244)
(17.0412,51.1244)
(17.0348,51.1248)
(17.0412,51.1244)
(17.0412,51.1244)
(17.0435,51.1215)
(17.0435,51.1215)
(17.0519,51.1223)
(17.0413,51.1236)
(17.0519,51.1223)
(17.0413,51.1236)
(17.0413,51.1236)
(17.0519,51.1223)
(17.0519,51.1223)
(17.0519,51.1223)
(17.0413,51.1236)
(17.0435,51.1215)
(17.0484,51.1267)
(17.0435,51.1215)
(17.0484,51.1267)
(17.0484,51.1267)
(17.0484,51.1267)
(17.0484,51.1267)
(17.0413,51.1236)
(17.0484,51.1267)
(17.0484,51.1267)
(17.0435,51.1215)
(17.0484,51.1267)
(17.0435,51.1215)
(17.0435,51.1215)
(17.0484,51.1267)
(17.0435,51.1215)
(17.0435,51.1215)
(17.0484,51.1267)
(17.0484,51.1267)
(17.0484,51.1267)
(17.0484,51.1267)
(17.0435,51.1215)
(17.0435,51.1215)
(17.0484,51.1267)
(17.0413,51.1236)
(17.0484,51.1267)
(17.0484,51.1267)
(17.0413,51.1236)
(17.0413,51.1236)
(17.0435,51.1215)
(17.042,51.1194)
(17.0413,51.1236)
(17.0413,51.1236)
(17.042,51.1194)
(17.0413,51.1236)
(17.042,51.1194)
(17.0442,51.1239)
(17.042,51.1194)
(17.0442,51.1239)
(17.0442,51.1239)
(17.0442,51.1239)
(17.042,51.1194)
(17.0413,51.1236)
(17.0442,51.1239)
(17.042,51.1194)
(17.042,51.1194)
(17.0442,51.1239)
(17.042,51.1194)
(17.042,51.1194)
(17.0442,51.1239)
(17.0442,51.1239)
(17.0413,51.1236)
(17.0442,51.1239)
(17.042,51.1194)
(17.042,51.1194)
(17.0413,51.1236)
(17.042,51.1194)
(17.0413,51.1236)
(17.0413,51.1236)
(17.0417,51.1167)
(17.0435,51.1215)
(17.0435,51.1215)
(17.0417,51.1167)
(17.0435,51.1215)
(17.0417,51.1167)
(17.0435,51.1215)
(17.0417,51.1167)
(17.0435,51.1215)
(17.0435,51.1215)
(17.0435,51.1215)
(17.0417,51.1167)
(17.0435,51.1215)
(17.0435,51.1215)
(17.0417,51.1167)
(17.0417,51.1167)
(17.0435,51.1215)
(17.0417,51.1167)
(17.0417,51.1167)
(17.0435,51.1215)
(17.0435,51.1215)
(17.0435,51.1215)
(17.0435,51.1215)
(17.0417,51.1167)
(17.0417,51.1167)
(17.0435,51.1215)
(17.0417,51.1167)
(17.0435,51.1215)
(17.0435,51.1215)
(17.0394,51.1127)
(17.042,51.1194)
(17.042,51.1194)
(17.0394,51.1127)
(17.042,51.1194)
(17.034,51.1171)
(17.0394,51.1127)
(17.042,51.1194)
(17.0394,51.1127)
(17.042,51.1194)
(17.042,51.1194)
(17.042,51.1194)
(17.0511,51.1161)
(17.042,51.1194)
(17.042,51.1194)
(17.0394,51.1127)
(17.0394,51.1127)
(17.042,51.1194)
(17.0394,51.1127)
(17.0394,51.1127)
(17.042,51.1194)
(17.042,51.1194)
(17.042,51.1194)
(17.042,51.1194)
(17.034,51.1171)
(17.034,51.1171)
(17.0511,51.1161)
(17.0394,51.1127)
(17.0511,51.1161)
(17.0511,51.1161)
(17.042,51.1194)
(17.0511,51.1161)
(17.0511,51.1161)
(17.042,51.1194)
(17.0394,51.1127)
(17.0511,51.1161)
(17.0511,51.1161)
(17.0511,51.1161)
(17.0511,51.1161)
(17.0511,51.1161)
(17.042,51.1194)
(17.0511,51.1161)
(17.0511,51.1161)
(17.039,51.1104)
(17.0417,51.1167)
(17.0417,51.1167)
(17.039,51.1104)
(17.0417,51.1167)
(17.039,51.1104)
(17.0417,51.1167)
(17.039,51.1104)
(17.0417,51.1167)
(17.0417,51.1167)
(17.0417,51.1167)
(17.0417,51.1167)
(17.039,51.1104)
(17.039,51.1104)
(17.0417,51.1167)
(17.039,51.1104)
(17.039,51.1104)
(17.0417,51.1167)
(17.0417,51.1167)
(17.0417,51.1167)
(17.039,51.1104)
(17.0417,51.1167)
(17.039,51.1104)
(17.0417,51.1167)
(17.0417,51.1167)
(17.0417,51.1167)
(17.0397,51.1077)
(17.0394,51.1127)
(17.0394,51.1127)
(17.0397,51.1077)
(17.0394,51.1127)
(17.0397,51.1077)
(17.0394,51.1127)
(17.0397,51.1077)
(17.0394,51.1127)
(17.0394,51.1127)
(17.0394,51.1127)
(17.0394,51.1127)
(17.0397,51.1077)
(17.0397,51.1077)
(17.0394,51.1127)
(17.0397,51.1077)
(17.0397,51.1077)
(17.0394,51.1127)
(17.0394,51.1127)
(17.0394,51.1127)
(17.0397,51.1077)
(17.0394,51.1127)
(17.0397,51.1077)
(17.0394,51.1127)
(17.0394,51.1127)
(17.0394,51.1127)
(17.0602,51.0837)
(17.0493,51.0835)
(17.0602,51.0837)
(17.0493,51.0835)
(17.0602,51.0837)
(17.0602,51.0837)
(17.0493,51.0835)
(17.0493,51.0835)
(17.0493,51.0835)
(17.0626,51.08)
(17.0547,51.083)
(17.0626,51.08)
(17.0547,51.083)
(17.0626,51.08)
(17.0626,51.08)
(17.0547,51.083)
(17.0547,51.083)
(17.0547,51.083)
(17.0636,51.0781)
(17.0602,51.0837)
(17.0636,51.0781)
(17.0602,51.0837)
(17.0636,51.0781)
(17.0636,51.0781)
(17.0602,51.0837)
(17.0602,51.0837)
(17.0602,51.0837)
(17.0626,51.08)
(17.0626,51.08)
(17.0626,51.08)
(17.0626,51.08)
(17.0626,51.08)
(17.031,51.1225)
(17.027,51.111)
(17.031,51.1225)
(17.027,51.111)
(17.031,51.1225)
(17.031,51.1225)
(17.027,51.111)
(17.031,51.1225)
(17.027,51.111)
(17.0247,51.1162)
(17.031,51.1225)
(17.031,51.1225)
(17.031,51.1225)
(17.031,51.1225)
(17.027,51.111)
(17.031,51.1225)
(17.027,51.111)
(17.031,51.1225)
(17.031,51.1225)
(17.0247,51.1162)
(17.034,51.1171)
(17.027,51.111)
(17.0247,51.1162)
(17.034,51.1171)
(17.0348,51.1248)
(17.031,51.1179)
(17.0348,51.1248)
(17.0348,51.1248)
(17.031,51.1179)
(17.0276,51.1273)
(17.0276,51.1273)
(17.031,51.1179)
(17.0276,51.1273)
(17.0348,51.1248)
(17.0276,51.1273)
(17.0348,51.1248)
(17.0348,51.1248)
(17.031,51.1179)
(17.031,51.1179)
(17.0276,51.1273)
(17.0348,51.1248)
(17.0276,51.1273)
(17.0276,51.1273)
(17.0276,51.1273)
(17.0348,51.1248)
(17.0348,51.1248)
(17.031,51.1179)
(17.0276,51.1273)
(17.031,51.1179)
(17.0276,51.1273)
(17.0276,51.1273)
(17.0348,51.1248)
(17.0276,51.1273)
(17.0348,51.1248)
(17.031,51.1179)
(17.031,51.1179)
(17.034,51.1171)
(17.034,51.1171)
(17.034,51.1171)
(17.034,51.1171)
(17.034,51.1171)
(17.0322,51.141)
(17.0365,51.1286)
(17.0365,51.1286)
(17.0322,51.141)
(17.0365,51.1286)
(17.0365,51.1286)
(17.0322,51.141)
(17.0365,51.1286)
(17.0322,51.141)
(17.0322,51.141)
(17.0322,51.141)
(17.0365,51.1286)
(17.0312,51.1442)
(17.0365,51.1354)
(17.0365,51.1354)
(17.0322,51.141)
(17.0302,51.1378)
(17.0322,51.141)
(17.0312,51.1442)
(17.0322,51.141)
(17.0312,51.1442)
(17.0322,51.141)
(17.0312,51.1442)
(17.0322,51.141)
(17.0302,51.1378)
(17.0322,51.141)
(17.0312,51.1442)
(17.0312,51.1442)
(17.0365,51.1354)
(17.0365,51.1354)
(17.0312,51.1442)
(17.0365,51.1354)
(17.0312,51.1442)
(17.0312,51.1442)
(17.0312,51.1442)
(17.0365,51.1354)
(17.0322,51.141)
(17.0302,51.1378)
(17.0303,51.1474)
(17.0322,51.141)
(17.0322,51.141)
(17.0322,51.141)
(17.0303,51.1474)
(17.0303,51.1474)
(17.0303,51.1474)
(17.0322,51.141)
(17.0303,51.1474)
(17.0303,51.1474)
(17.0322,51.141)
(17.0322,51.141)
(17.0303,51.1474)
(17.0322,51.141)
(17.0303,51.1474)
(17.0303,51.1474)
(17.0303,51.1474)
(17.0322,51.141)
(17.0322,51.141)
(17.0287,51.1503)
(17.0312,51.1442)
(17.0312,51.1442)
(17.0312,51.1442)
(17.0287,51.1503)
(17.0287,51.1503)
(17.0287,51.1503)
(17.0312,51.1442)
(17.0287,51.1503)
(17.0287,51.1503)
(17.0312,51.1442)
(17.0312,51.1442)
(17.0287,51.1503)
(17.0312,51.1442)
(17.0287,51.1503)
(17.0287,51.1503)
(17.0287,51.1503)
(17.0312,51.1442)
(17.0312,51.1442)
(17.0303,51.1474)
(17.0303,51.1474)
(17.0303,51.1474)
(17.0303,51.1474)
(17.0303,51.1474)
(17.0303,51.1474)
(17.0303,51.1474)
(17.0303,51.1474)
(17.0303,51.1474)
(17.0413,51.1236)
(17.0442,51.1239)
(17.0348,51.1248)
(17.0348,51.1248)
(17.0348,51.1248)
(17.0348,51.1248)
(17.0348,51.1248)
(17.0442,51.1239)
(17.0348,51.1248)
(17.0442,51.1239)
(17.0348,51.1248)
(17.0348,51.1248)
(17.0348,51.1248)
(17.0442,51.1239)
(17.0348,51.1248)
(17.0413,51.1236)
(17.0348,51.1248)
(17.0348,51.1248)
(17.0348,51.1248)
(17.0413,51.1236)
(17.0348,51.1248)
(16.9755,51.0876)
(16.9755,51.0876)
(16.9755,51.0876)
(16.9755,51.0876)
(16.9755,51.0876)
(16.9755,51.0876)
(16.9755,51.0876)
(16.9755,51.0876)
(16.9755,51.0876)
(16.9755,51.0876)
(16.9755,51.0876)
(16.977,51.0906)
(16.9722,51.0843)
(16.9722,51.0843)
(16.9722,51.0843)
(16.977,51.0906)
(16.977,51.0906)
(16.977,51.0906)
(16.9722,51.0843)
(16.9722,51.0843)
(16.977,51.0906)
(16.977,51.0906)
(16.9722,51.0843)
(16.9722,51.0843)
(16.9722,51.0843)
(16.977,51.0906)
(16.977,51.0906)
(16.9722,51.0843)
(16.977,51.0906)
(16.977,51.0906)
(16.977,51.0906)
(16.9777,51.0923)
(16.9755,51.0876)
(16.9755,51.0876)
(16.9755,51.0876)
(16.9777,51.0923)
(16.9777,51.0923)
(16.9777,51.0923)
(16.9755,51.0876)
(16.9755,51.0876)
(16.9777,51.0923)
(16.9777,51.0923)
(16.9755,51.0876)
(16.9777,51.0923)
(16.9777,51.0923)
(16.9777,51.0923)
(16.9755,51.0876)
(16.9777,51.0923)
(16.9755,51.0876)
(16.9777,51.0923)
(16.9777,51.0923)
(16.9777,51.0923)
(16.9755,51.0876)
(16.9777,51.0923)
(16.9777,51.0923)
(16.9777,51.0923)
(16.9809,51.0947)
(16.977,51.0906)
(16.977,51.0906)
(16.977,51.0906)
(16.9809,51.0947)
(16.9809,51.0947)
(16.9809,51.0947)
(16.977,51.0906)
(16.977,51.0906)
(16.9809,51.0947)
(16.9809,51.0947)
(16.977,51.0906)
(16.9809,51.0947)
(16.977,51.0906)
(16.9809,51.0947)
(16.977,51.0906)
(16.9809,51.0947)
(16.977,51.0906)
(16.9809,51.0947)
(16.977,51.0906)
(16.977,51.0906)
(16.9809,51.0947)
(16.9809,51.0947)
(16.9809,51.0947)
(16.977,51.0906)
(16.9809,51.0947)
(16.9809,51.0947)
(16.9809,51.0947)
(16.9858,51.0959)
(16.9777,51.0923)
(16.9777,51.0923)
(16.9777,51.0923)
(16.9858,51.0959)
(16.9853,51.0918)
(16.9858,51.0959)
(16.9777,51.0923)
(16.9777,51.0923)
(16.9853,51.0918)
(16.9858,51.0959)
(16.9777,51.0923)
(16.9809,51.0947)
(16.9853,51.0918)
(16.9853,51.0918)
(16.9853,51.0918)
(16.9853,51.0918)
(16.9777,51.0923)
(16.9858,51.0959)
(16.9777,51.0923)
(16.9853,51.0918)
(16.9777,51.0923)
(16.9858,51.0959)
(16.9777,51.0923)
(16.9809,51.0947)
(16.9858,51.0959)
(16.9809,51.0947)
(16.9858,51.0959)
(16.9777,51.0923)
(16.9858,51.0959)
(16.9853,51.0918)
(16.9853,51.0918)
(16.9777,51.0923)
(16.9853,51.0918)
(16.9853,51.0918)
(16.9853,51.0918)
(16.9927,51.0976)
(16.9809,51.0947)
(16.9809,51.0947)
(16.9927,51.0976)
(16.9927,51.0976)
(16.9809,51.0947)
(16.9927,51.0976)
(16.9809,51.0947)
(16.9809,51.0947)
(16.9927,51.0976)
(16.9809,51.0947)
(16.9809,51.0947)
(16.9927,51.0976)
(16.9809,51.0947)
(16.9927,51.0976)
(16.9927,51.0976)
(16.9927,51.0976)
(16.9962,51.0984)
(16.9858,51.0959)
(16.9858,51.0959)
(16.9962,51.0984)
(16.9962,51.0984)
(16.9858,51.0959)
(16.9962,51.0984)
(16.9858,51.0959)
(16.9858,51.0959)
(16.9962,51.0984)
(16.9858,51.0959)
(16.9858,51.0959)
(16.9962,51.0984)
(16.9858,51.0959)
(16.9962,51.0984)
(16.9962,51.0984)
(16.9962,51.0984)
(17.0017,51.0997)
(16.9927,51.0976)
(16.9927,51.0976)
(17.0017,51.0997)
(17.0017,51.0997)
(16.9927,51.0976)
(17.0017,51.0997)
(16.9927,51.0976)
(16.9927,51.0976)
(17.0017,51.0997)
(16.9927,51.0976)
(16.9927,51.0976)
(17.0017,51.0997)
(16.9927,51.0976)
(17.0017,51.0997)
(17.0017,51.0997)
(17.0017,51.0997)
(17.008,51.1011)
(16.9962,51.0984)
(16.9962,51.0984)
(17.008,51.1011)
(17.008,51.1011)
(16.9962,51.0984)
(17.008,51.1011)
(16.9962,51.0984)
(16.9962,51.0984)
(17.008,51.1011)
(16.9962,51.0984)
(16.9962,51.0984)
(17.008,51.1011)
(16.9962,51.0984)
(17.008,51.1011)
(17.008,51.1011)
(17.008,51.1011)
(17.0124,51.1021)
(17.0017,51.0997)
(17.0017,51.0997)
(17.0124,51.1021)
(17.0124,51.1021)
(17.0017,51.0997)
(17.0124,51.1021)
(17.0017,51.0997)
(17.0017,51.0997)
(17.0124,51.1021)
(17.0017,51.0997)
(17.0017,51.0997)
(17.0124,51.1021)
(17.0017,51.0997)
(17.0124,51.1021)
(17.0124,51.1021)
(17.0124,51.1021)
(17.0216,51.1044)
(17.008,51.1011)
(17.008,51.1011)
(17.0216,51.1044)
(17.0216,51.1044)
(17.008,51.1011)
(17.0216,51.1044)
(17.008,51.1011)
(17.008,51.1011)
(17.0216,51.1044)
(17.008,51.1011)
(17.008,51.1011)
(17.0216,51.1044)
(17.008,51.1011)
(17.0216,51.1044)
(17.0216,51.1044)
(17.0216,51.1044)
(17.0266,51.1079)
(17.0124,51.1021)
(17.0124,51.1021)
(17.029,51.1009)
(17.029,51.1009)
(17.0124,51.1021)
(17.029,51.1009)
(17.0124,51.1021)
(17.0216,51.1074)
(17.029,51.1009)
(17.0266,51.1079)
(17.0266,51.1079)
(17.029,51.1009)
(17.029,51.1009)
(17.0216,51.1074)
(17.029,51.1009)
(17.0124,51.1021)
(17.029,51.1009)
(17.0124,51.1021)
(17.0124,51.1021)
(17.029,51.1009)
(17.0124,51.1021)
(17.029,51.1009)
(17.0216,51.1074)
(17.0216,51.1074)
(17.029,51.1009)
(17.0216,51.1074)
(17.029,51.1009)
(17.032,51.1074)
(17.0216,51.1044)
(17.0216,51.1044)
(17.027,51.111)
(17.027,51.111)
(17.0216,51.1044)
(17.027,51.111)
(17.027,51.111)
(17.027,51.111)
(17.027,51.111)
(17.0306,51.1037)
(17.0306,51.1037)
(17.027,51.111)
(17.0306,51.1037)
(17.027,51.111)
(17.027,51.111)
(17.027,51.111)
(17.0306,51.1037)
(17.0306,51.1037)
(17.0306,51.1037)
(17.0306,51.1037)
(17.0737,51.1069)
(17.06,51.1116)
(17.0737,51.1069)
(17.06,51.1116)
(17.06,51.1116)
(17.0737,51.1069)
(17.0737,51.1069)
(17.0737,51.1069)
(17.06,51.1116)
(17.06,51.1116)
(17.06,51.1116)
(17.0737,51.1069)
(17.0737,51.1069)
(17.06,51.1116)
(17.06,51.1116)
(17.0737,51.1069)
(17.0737,51.1069)
(17.06,51.1116)
(17.0737,51.1069)
(17.0737,51.1069)
(17.06,51.1116)
(17.0774,51.1056)
(17.0664,51.1092)
(17.0774,51.1056)
(17.0664,51.1092)
(17.0664,51.1092)
(17.0774,51.1056)
(17.0774,51.1056)
(17.0774,51.1056)
(17.0664,51.1092)
(17.0664,51.1092)
(17.0664,51.1092)
(17.0774,51.1056)
(17.0774,51.1056)
(17.0664,51.1092)
(17.0664,51.1092)
(17.0774,51.1056)
(17.0774,51.1056)
(17.0664,51.1092)
(17.0774,51.1056)
(17.0774,51.1056)
(17.0664,51.1092)
(17.0842,51.1043)
(17.0737,51.1069)
(17.0842,51.1043)
(17.0737,51.1069)
(17.0737,51.1069)
(17.0842,51.1043)
(17.0842,51.1043)
(17.0842,51.1043)
(17.0737,51.1069)
(17.0737,51.1069)
(17.0737,51.1069)
(17.0842,51.1043)
(17.0842,51.1043)
(17.0737,51.1069)
(17.0737,51.1069)
(17.0842,51.1043)
(17.0842,51.1043)
(17.0737,51.1069)
(17.0842,51.1043)
(17.0842,51.1043)
(17.0737,51.1069)
(17.0909,51.1038)
(17.0774,51.1056)
(17.0909,51.1038)
(17.0774,51.1056)
(17.0774,51.1056)
(17.0909,51.1038)
(17.0909,51.1038)
(17.0909,51.1038)
(17.0774,51.1056)
(17.0774,51.1056)
(17.0774,51.1056)
(17.0909,51.1038)
(17.0909,51.1038)
(17.0774,51.1056)
(17.0774,51.1056)
(17.0909,51.1038)
(17.0909,51.1038)
(17.0774,51.1056)
(17.0909,51.1038)
(17.0909,51.1038)
(17.0774,51.1056)
(17.0964,51.1031)
(17.0842,51.1043)
(17.0964,51.1031)
(17.0842,51.1043)
(17.0842,51.1043)
(17.0964,51.1031)
(17.0964,51.1031)
(17.0964,51.1031)
(17.0842,51.1043)
(17.0842,51.1043)
(17.0842,51.1043)
(17.0964,51.1031)
(17.0964,51.1031)
(17.0842,51.1043)
(17.0842,51.1043)
(17.0964,51.1031)
(17.0964,51.1031)
(17.0842,51.1043)
(17.0964,51.1031)
(17.0964,51.1031)
(17.0842,51.1043)
(17.1018,51.1022)
(17.0909,51.1038)
(17.1018,51.1022)
(17.0909,51.1038)
(17.0909,51.1038)
(17.1018,51.1022)
(17.1018,51.1022)
(17.1018,51.1022)
(17.0909,51.1038)
(17.0909,51.1038)
(17.0909,51.1038)
(17.1018,51.1022)
(17.1018,51.1022)
(17.0909,51.1038)
(17.0909,51.1038)
(17.1018,51.1022)
(17.1018,51.1022)
(17.0909,51.1038)
(17.1018,51.1022)
(17.1018,51.1022)
(17.0909,51.1038)
(17.1091,51.1013)
(17.0964,51.1031)
(17.1091,51.1013)
(17.0964,51.1031)
(17.0964,51.1031)
(17.1091,51.1013)
(17.1091,51.1013)
(17.1091,51.1013)
(17.0964,51.1031)
(17.0964,51.1031)
(17.0964,51.1031)
(17.1091,51.1013)
(17.1091,51.1013)
(17.0964,51.1031)
(17.0964,51.1031)
(17.1091,51.1013)
(17.1091,51.1013)
(17.0964,51.1031)
(17.1091,51.1013)
(17.1091,51.1013)
(17.0964,51.1031)
(17.1018,51.1022)
(17.1018,51.1022)
(17.1018,51.1022)
(17.1018,51.1022)
(17.1018,51.1022)
(17.1018,51.1022)
(17.1018,51.1022)
(17.1018,51.1022)
(17.1018,51.1022)
(17.1018,51.1022)
(17.029,51.1009)
(17.029,51.1009)
(17.029,51.1009)
(17.029,51.1009)
(17.029,51.1009)
(17.029,51.1009)
(17.029,51.1009)
(17.029,51.1009)
(17.029,51.1009)
(17.029,51.1009)
(17.0004,51.0896)
(17.0117,51.086)
(17.0004,51.0896)
(17.0117,51.086)
(17.0117,51.086)
(17.0117,51.086)
(17.0117,51.086)
(17.0117,51.086)
(17.0117,51.086)
(17.0004,51.0896)
(17.0004,51.0896)
(17.0117,51.086)
(17.0004,51.0896)
(17.0004,51.0896)
(17.0004,51.0896)
(17.0004,51.0896)
(17.0117,51.086)
(17.0117,51.086)
(17.0117,51.086)
(17.0004,51.0896)
(17.0117,51.086)
(17.0117,51.086)
(17.0117,51.086)
(16.9933,51.0904)
(17.0067,51.088)
(16.9933,51.0904)
(17.0067,51.088)
(17.0067,51.088)
(17.0067,51.088)
(17.0067,51.088)
(17.0067,51.088)
(17.0067,51.088)
(16.9933,51.0904)
(16.9933,51.0904)
(17.0067,51.088)
(16.9933,51.0904)
(16.9933,51.0904)
(16.9933,51.0904)
(16.9933,51.0904)
(17.0067,51.088)
(17.0067,51.088)
(17.0067,51.088)
(16.9933,51.0904)
(17.0067,51.088)
(17.0067,51.088)
(17.0067,51.088)
(16.9853,51.0918)
(17.0004,51.0896)
(16.9853,51.0918)
(17.0004,51.0896)
(17.0004,51.0896)
(17.0004,51.0896)
(17.0004,51.0896)
(17.0004,51.0896)
(17.0004,51.0896)
(16.9889,51.0907)
(16.9853,51.0918)
(17.0004,51.0896)
(16.9853,51.0918)
(16.9853,51.0918)
(16.9853,51.0918)
(16.9853,51.0918)
(17.0004,51.0896)
(17.0004,51.0896)
(17.0004,51.0896)
(16.9853,51.0918)
(17.0004,51.0896)
(17.0004,51.0896)
(17.0004,51.0896)
(16.9809,51.0947)
(16.9933,51.0904)
(16.9809,51.0947)
(16.9933,51.0904)
(16.9933,51.0904)
(16.9933,51.0904)
(16.9933,51.0904)
(16.9933,51.0904)
(16.9809,51.0947)
(16.9933,51.0904)
(16.9809,51.0947)
(16.9809,51.0947)
(16.9809,51.0947)
(16.9809,51.0947)
(16.9933,51.0904)
(16.9933,51.0904)
(16.9809,51.0947)
(16.9933,51.0904)
(16.9933,51.0904)
(16.9933,51.0904)
(17.0564,51.1198)
(17.0442,51.1239)
(17.0564,51.1198)
(17.0442,51.1239)
(17.0564,51.1198)
(17.0564,51.1198)
(17.0564,51.1198)
(17.0442,51.1239)
(17.0442,51.1239)
(17.0442,51.1239)
(17.0442,51.1239)
(17.0609,51.1162)
(17.0519,51.1223)
(17.0609,51.1162)
(17.0519,51.1223)
(17.0609,51.1162)
(17.0609,51.1162)
(17.0609,51.1162)
(17.0519,51.1223)
(17.0519,51.1223)
(17.0519,51.1223)
(17.0519,51.1223)
(17.06,51.1116)
(17.0564,51.1198)
(17.06,51.1116)
(17.0564,51.1198)
(17.06,51.1116)
(17.06,51.1116)
(17.06,51.1116)
(17.0564,51.1198)
(17.0564,51.1198)
(17.0564,51.1198)
(17.0564,51.1198)
(17.0668,51.1151)
(17.0549,51.1163)
(17.0668,51.1151)
(17.0668,51.1151)
(17.0549,51.1163)
(17.0549,51.1163)
(17.0668,51.1151)
(17.0668,51.1151)
(17.0668,51.1151)
(17.0668,51.1151)
(17.0668,51.1151)
(17.0549,51.1163)
(17.0668,51.1151)
(17.0668,51.1151)
(17.0533,51.1006)
(17.0397,51.1077)
(17.0533,51.1006)
(17.0397,51.1077)
(17.0533,51.1006)
(17.0461,51.1017)
(17.0397,51.1077)
(17.0533,51.1006)
(17.0397,51.1077)
(17.0397,51.1077)
(17.0461,51.1017)
(17.0496,51.1086)
(17.0496,51.1086)
(17.0561,51.0971)
(17.0483,51.1049)
(17.0561,51.0971)
(17.0483,51.1049)
(17.0561,51.0971)
(17.0483,51.1049)
(17.0561,51.0971)
(17.0483,51.1049)
(17.0599,51.0933)
(17.0533,51.1006)
(17.0599,51.0933)
(17.0533,51.1006)
(17.0599,51.0933)
(17.0533,51.1006)
(17.0599,51.0933)
(17.0533,51.1006)
(17.0647,51.09)
(17.0561,51.0971)
(17.0647,51.09)
(17.0561,51.0971)
(17.0647,51.09)
(17.0561,51.0971)
(17.0647,51.09)
(17.0561,51.0971)
(17.0683,51.0875)
(17.0599,51.0933)
(17.0683,51.0875)
(17.0599,51.0933)
(17.0683,51.0875)
(17.0599,51.0933)
(17.0683,51.0875)
(17.0599,51.0933)
(17.0722,51.0849)
(17.0647,51.09)
(17.0722,51.0849)
(17.0647,51.09)
(17.0722,51.0849)
(17.0647,51.09)
(17.0722,51.0849)
(17.0647,51.09)
(17.077,51.0819)
(17.0683,51.0875)
(17.077,51.0819)
(17.0683,51.0875)
(17.077,51.0819)
(17.0683,51.0875)
(17.077,51.0819)
(17.0683,51.0875)
(17.08,51.0802)
(17.0722,51.0849)
(17.08,51.0802)
(17.0722,51.0849)
(17.08,51.0802)
(17.0722,51.0849)
(17.08,51.0802)
(17.0722,51.0849)
(17.084,51.0773)
(17.077,51.0819)
(17.084,51.0773)
(17.077,51.0819)
(17.084,51.0773)
(17.077,51.0819)
(17.084,51.0773)
(17.077,51.0819)
(17.08,51.0802)
(17.08,51.0802)
(17.08,51.0802)
(17.08,51.0802)
(17.0453,51.1002)
(17.0483,51.1049)
(17.0453,51.1002)
(17.0483,51.1049)
(17.0483,51.1049)
(17.043,51.0983)
(17.0461,51.1017)
(17.043,51.0983)
(17.0461,51.1017)
(17.0461,51.1017)
(17.0353,51.1)
(17.0453,51.1002)
(17.0353,51.1)
(17.0453,51.1002)
(17.0453,51.1002)
(17.0205,51.1121)
(17.0216,51.1044)
(17.0205,51.1121)
(17.0216,51.1044)
(17.0216,51.1044)
(17.0205,51.1121)
(17.0205,51.1121)
(17.0216,51.1044)
(17.0205,51.1121)
(17.0216,51.1044)
(17.0276,51.1273)
(17.0322,51.141)
(17.0322,51.141)
(17.0322,51.141)
(17.0276,51.1273)
(17.0322,51.141)
(17.0276,51.1273)
(17.031,51.1225)
(17.0302,51.1378)
(17.0302,51.1378)
(17.0302,51.1378)
(17.031,51.1225)
(17.0302,51.1378)
(17.031,51.1225)
(17.0275,51.133)
(17.0275,51.133)
(17.0275,51.133)
(17.0275,51.133)
(17.031,51.1225)
(17.031,51.1225)
(17.0275,51.133)
(17.031,51.1225)
(17.0275,51.133)
(17.0275,51.133)
(17.031,51.1225)
(17.0275,51.133)
(17.031,51.1225)
(17.031,51.1225)
(17.0226,51.0815)
(17.0292,51.0894)
(17.0226,51.0815)
(17.0292,51.0894)
(17.0226,51.0815)
(17.0184,51.077)
(17.0253,51.0844)
(17.0184,51.077)
(17.0253,51.0844)
(17.0184,51.077)
(17.0159,51.0743)
(17.0226,51.0815)
(17.0159,51.0743)
(17.0226,51.0815)
(17.0159,51.0743)
(17.0145,51.0727)
(17.0184,51.077)
(17.0145,51.0727)
(17.0184,51.077)
(17.0145,51.0727)
(17.0159,51.0743)
(17.0159,51.0743)
(17.0546,51.1285)
(17.0546,51.1285)
(17.0546,51.1285)
(17.0741,51.131)
(17.0546,51.1285)
(17.0546,51.1285)
(17.0546,51.1285)
(17.0741,51.131)
(17.0546,51.1285)
(17.0546,51.1285)
(17.0741,51.131)
(17.0546,51.1285)
(17.0546,51.1285)
(17.0741,51.131)
(17.0546,51.1285)
(17.0741,51.131)
(17.0741,51.131)
(17.0546,51.1285)
(17.0484,51.1267)
(17.0484,51.1267)
(17.0651,51.1318)
(17.0484,51.1267)
(17.0651,51.1318)
(17.0651,51.1318)
(17.0651,51.1318)
(17.0651,51.1318)
(17.0484,51.1267)
(17.0651,51.1318)
(17.0651,51.1318)
(17.0651,51.1318)
(17.0484,51.1267)
(17.0484,51.1267)
(17.0651,51.1318)
(17.0484,51.1267)
(17.0484,51.1267)
(17.0651,51.1318)
(17.0651,51.1318)
(17.0651,51.1318)
(17.0651,51.1318)
(17.0484,51.1267)
(17.0484,51.1267)
(17.0651,51.1318)
(17.0484,51.1267)
(17.0651,51.1318)
(17.0651,51.1318)
(17.0484,51.1267)
(17.0442,51.1239)
(17.0442,51.1239)
(17.0546,51.1285)
(17.0442,51.1239)
(17.0546,51.1285)
(17.0546,51.1285)
(17.0546,51.1285)
(17.0546,51.1285)
(17.0442,51.1239)
(17.0546,51.1285)
(17.0546,51.1285)
(17.0546,51.1285)
(17.0442,51.1239)
(17.0442,51.1239)
(17.0546,51.1285)
(17.0442,51.1239)
(17.0442,51.1239)
(17.0546,51.1285)
(17.0546,51.1285)
(17.0546,51.1285)
(17.0546,51.1285)
(17.0442,51.1239)
(17.0442,51.1239)
(17.0546,51.1285)
(17.0442,51.1239)
(17.0546,51.1285)
(17.0546,51.1285)
(17.0442,51.1239)
(17.031,51.1225)
(17.031,51.1179)
(17.0417,51.1167)
(17.0417,51.1167)
(17.0324,51.1138)
(17.0324,51.1138)
(17.0417,51.1167)
(17.0417,51.1167)
(17.0324,51.1138)
(17.035,51.121)
(17.0324,51.1138)
(17.0417,51.1167)
(17.0417,51.1167)
(17.0417,51.1167)
(17.0417,51.1167)
(17.0979,51.1299)
(17.0979,51.1299)
(17.0979,51.1299)
(17.0979,51.1299)
(17.0979,51.1299)
(17.0878,51.1319)
(17.1021,51.1284)
(17.1021,51.1284)
(17.0878,51.1319)
(17.1021,51.1284)
(17.0878,51.1319)
(17.0878,51.1319)
(17.1021,51.1284)
(17.0878,51.1319)
(17.1021,51.1284)
(17.1021,51.1284)
(17.0795,51.1316)
(17.0979,51.1299)
(17.0979,51.1299)
(17.0795,51.1316)
(17.0979,51.1299)
(17.0795,51.1316)
(17.0795,51.1316)
(17.0979,51.1299)
(17.0795,51.1316)
(17.0979,51.1299)
(17.0979,51.1299)
(17.0741,51.131)
(17.0878,51.1319)
(17.0878,51.1319)
(17.0741,51.131)
(17.0878,51.1319)
(17.0741,51.131)
(17.0741,51.131)
(17.0878,51.1319)
(17.0741,51.131)
(17.0878,51.1319)
(17.0878,51.1319)
(17.0651,51.1318)
(17.0795,51.1316)
(17.0795,51.1316)
(17.0651,51.1318)
(17.0795,51.1316)
(17.0651,51.1318)
(17.0651,51.1318)
(17.0795,51.1316)
(17.0651,51.1318)
(17.0795,51.1316)
(17.0795,51.1316)
(16.9597,51.14)
(16.9597,51.14)
(16.9667,51.1367)
(16.9503,51.1435)
(16.9667,51.1367)
(16.9691,51.1351)
(16.9597,51.14)
(16.9691,51.1351)
(16.9691,51.1351)
(16.9653,51.139)
(16.9691,51.1351)
(16.9727,51.1329)
(16.9667,51.1367)
(16.9727,51.1329)
(16.9727,51.1329)
(16.9667,51.1367)
(16.9727,51.1329)
(16.9832,51.1255)
(16.9691,51.1351)
(16.9832,51.1255)
(16.9832,51.1255)
(16.9691,51.1351)
(16.9832,51.1255)
(17.05,51.1133)
(17.06,51.1116)
(17.06,51.1116)
(17.05,51.1133)
(17.05,51.1133)
(17.06,51.1116)
(17.06,51.1116)
(17.05,51.1133)
(17.06,51.1116)
(17.06,51.1116)
(17.05,51.1133)
(17.0496,51.1086)
(17.0569,51.1124)
(17.0569,51.1124)
(17.0511,51.1161)
(17.0496,51.1086)
(17.0569,51.1124)
(17.0569,51.1124)
(17.0496,51.1086)
(17.0569,51.1124)
(17.0496,51.1086)
(17.0569,51.1124)
(17.0511,51.1161)
(16.935,51.1381)
(16.9505,51.1361)
(16.935,51.1381)
(16.935,51.1381)
(16.9505,51.1361)
(16.935,51.1381)
(16.9505,51.1361)
(16.935,51.1381)
(16.935,51.1381)
(16.935,51.1381)
(16.935,51.1381)
(16.9505,51.1361)
(16.9505,51.1361)
(16.935,51.1381)
(16.935,51.1381)
(16.935,51.1381)
(16.935,51.1381)
(16.9505,51.1361)
(16.9289,51.1389)
(16.9403,51.1374)
(16.9289,51.1389)
(16.9289,51.1389)
(16.9403,51.1374)
(16.9289,51.1389)
(16.9403,51.1374)
(16.9289,51.1389)
(16.9289,51.1389)
(16.9289,51.1389)
(16.9289,51.1389)
(16.9403,51.1374)
(16.9403,51.1374)
(16.9289,51.1389)
(16.9289,51.1389)
(16.9289,51.1389)
(16.9289,51.1389)
(16.9403,51.1374)
(16.9209,51.1399)
(16.935,51.1381)
(16.9209,51.1399)
(16.9209,51.1399)
(16.935,51.1381)
(16.9209,51.1399)
(16.935,51.1381)
(16.9209,51.1399)
(16.9209,51.1399)
(16.9209,51.1399)
(16.9209,51.1399)
(16.935,51.1381)
(16.935,51.1381)
(16.9209,51.1399)
(16.9209,51.1399)
(16.9209,51.1399)
(16.9209,51.1399)
(16.935,51.1381)
(16.9059,51.1419)
(16.9289,51.1389)
(16.9059,51.1419)
(16.9059,51.1419)
(16.9289,51.1389)
(16.9059,51.1419)
(16.9289,51.1389)
(16.9059,51.1419)
(16.9059,51.1419)
(16.9059,51.1419)
(16.9059,51.1419)
(16.9289,51.1389)
(16.9289,51.1389)
(16.9059,51.1419)
(16.9059,51.1419)
(16.9059,51.1419)
(16.9059,51.1419)
(16.9289,51.1389)
(16.8997,51.1426)
(16.9209,51.1399)
(16.8997,51.1426)
(16.8997,51.1426)
(16.9209,51.1399)
(16.8997,51.1426)
(16.9209,51.1399)
(16.8997,51.1426)
(16.8997,51.1426)
(16.8997,51.1426)
(16.8997,51.1426)
(16.9209,51.1399)
(16.9209,51.1399)
(16.8997,51.1426)
(16.8997,51.1426)
(16.8997,51.1426)
(16.8997,51.1426)
(16.9209,51.1399)
(16.8898,51.1439)
(16.9059,51.1419)
(16.8898,51.1439)
(16.8898,51.1439)
(16.9059,51.1419)
(16.8898,51.1439)
(16.9059,51.1419)
(16.8898,51.1439)
(16.8898,51.1439)
(16.8898,51.1439)
(16.8898,51.1439)
(16.9059,51.1419)
(16.9059,51.1419)
(16.8898,51.1439)
(16.8898,51.1439)
(16.8898,51.1439)
(16.8898,51.1439)
(16.9059,51.1419)
(16.8814,51.1449)
(16.8997,51.1426)
(16.8814,51.1449)
(16.8814,51.1449)
(16.8997,51.1426)
(16.8814,51.1449)
(16.8997,51.1426)
(16.8814,51.1449)
(16.8814,51.1449)
(16.8814,51.1449)
(16.8814,51.1449)
(16.8997,51.1426)
(16.8997,51.1426)
(16.8814,51.1449)
(16.8814,51.1449)
(16.8814,51.1449)
(16.8814,51.1449)
(16.8997,51.1426)
(16.878,51.1453)
(16.8898,51.1439)
(16.878,51.1453)
(16.878,51.1453)
(16.8898,51.1439)
(16.878,51.1453)
(16.8898,51.1439)
(16.878,51.1453)
(16.878,51.1453)
(16.878,51.1453)
(16.878,51.1453)
(16.8898,51.1439)
(16.8898,51.1439)
(16.878,51.1453)
(16.878,51.1453)
(16.878,51.1453)
(16.878,51.1453)
(16.8898,51.1439)
(16.8717,51.1447)
(16.8814,51.1449)
(16.8717,51.1447)
(16.8717,51.1447)
(16.8814,51.1449)
(16.8717,51.1447)
(16.8814,51.1449)
(16.8717,51.1447)
(16.8717,51.1447)
(16.8717,51.1447)
(16.8717,51.1447)
(16.8814,51.1449)
(16.8814,51.1449)
(16.8717,51.1447)
(16.8717,51.1447)
(16.8717,51.1447)
(16.8717,51.1447)
(16.8814,51.1449)
(16.878,51.1453)
(16.878,51.1453)
(16.878,51.1453)
(16.878,51.1453)
(16.878,51.1453)
(16.878,51.1453)
(17.05,51.1133)
(17.0417,51.1167)
(17.0549,51.1163)
(17.0417,51.1167)
(17.0549,51.1163)
(17.0549,51.1163)
(17.0417,51.1167)
(17.05,51.1133)
(17.05,51.1133)
(17.0417,51.1167)
(17.0417,51.1167)
(17.0549,51.1163)
(17.0549,51.1163)
(17.0549,51.1163)
(17.0549,51.1163)
(17.0549,51.1163)
(17.0417,51.1167)
(17.0549,51.1163)
(17.0549,51.1163)
(16.9984,51.1359)
(16.9984,51.1359)
(16.9984,51.1359)
(16.9984,51.1359)
(16.9984,51.1359)
(16.9984,51.1359)
(17.0057,51.1351)
(16.9941,51.1374)
(16.9941,51.1374)
(16.9941,51.1374)
(16.9941,51.1374)
(17.0057,51.1351)
(17.0057,51.1351)
(16.9941,51.1374)
(17.0057,51.1351)
(16.9941,51.1374)
(16.9941,51.1374)
(17.0057,51.1351)
(16.9941,51.1374)
(17.0057,51.1351)
(17.0112,51.1345)
(16.9984,51.1359)
(16.9984,51.1359)
(16.9984,51.1359)
(16.9984,51.1359)
(17.0112,51.1345)
(17.0112,51.1345)
(16.9984,51.1359)
(17.0112,51.1345)
(16.9984,51.1359)
(16.9984,51.1359)
(17.0112,51.1345)
(16.9984,51.1359)
(17.0112,51.1345)
(17.0199,51.1337)
(17.0057,51.1351)
(17.0057,51.1351)
(17.0057,51.1351)
(17.0057,51.1351)
(17.0199,51.1337)
(17.0199,51.1337)
(17.0057,51.1351)
(17.0199,51.1337)
(17.0057,51.1351)
(17.0057,51.1351)
(17.0199,51.1337)
(17.0057,51.1351)
(17.0199,51.1337)
(17.0275,51.133)
(17.0112,51.1345)
(17.0112,51.1345)
(17.0112,51.1345)
(17.0112,51.1345)
(17.0275,51.133)
(17.0275,51.133)
(17.0112,51.1345)
(17.0275,51.133)
(17.0112,51.1345)
(17.0112,51.1345)
(17.0275,51.133)
(17.0112,51.1345)
(17.0275,51.133)
(17.0276,51.1273)
(17.0199,51.1337)
(17.0199,51.1337)
(17.0199,51.1337)
(17.0199,51.1337)
(17.0276,51.1273)
(17.0276,51.1273)
(17.0199,51.1337)
(17.0276,51.1273)
(17.0199,51.1337)
(17.0199,51.1337)
(17.0276,51.1273)
(17.0199,51.1337)
(17.0276,51.1273)
(16.9933,51.0904)
(16.9933,51.0904)
(16.9653,51.139)
(16.9653,51.139)
(16.9667,51.1367)
(16.964,51.1411)
(16.9667,51.1367)
(17.034,51.1171)
(17.034,51.1171)
(17.0348,51.1248)
(17.034,51.1171)
(17.035,51.1107)
(17.035,51.1107)
(17.0359,51.1126)
(17.0359,51.1126)
(17.034,51.1171)
(17.034,51.1171)
(17.027,51.111)
(17.027,51.111)
(17.027,51.111)
(17.027,51.111)
(17.0609,51.1162)
(17.0511,51.1161)
(17.0609,51.1162)
(17.0609,51.1162)
(17.0511,51.1161)
(17.0511,51.1161)
(17.0609,51.1162)
(17.0609,51.1162)
(17.0609,51.1162)
(17.0609,51.1162)
(17.0609,51.1162)
(17.0511,51.1161)
(17.0609,51.1162)
(17.0609,51.1162)
(17.0735,51.1151)
(17.0609,51.1162)
(17.0735,51.1151)
(17.0735,51.1151)
(17.0609,51.1162)
(17.0609,51.1162)
(17.0735,51.1151)
(17.0735,51.1151)
(17.0735,51.1151)
(17.0735,51.1151)
(17.0735,51.1151)
(17.0609,51.1162)
(17.0735,51.1151)
(17.0735,51.1151)
